# Created by Octave 3.2.4, Sun Aug 10 14:56:46 2014 IST <aditya@Aditya-Inspiron-N5110>
# name: angles
# type: matrix
# rows: 1
# columns: 100
 0 0.06346651825433926 0.1269330365086785 0.1903995547630178 0.253866073017357 0.3173325912716963 0.3807991095260356 0.4442656277803748 0.5077321460347141 0.5711986642890533 0.6346651825433925 0.6981317007977318 0.7615982190520711 0.8250647373064104 0.8885312555607496 0.9519977738150889 1.015464292069428 1.078930810323767 1.142397328578107 1.205863846832446 1.269330365086785 1.332796883341124 1.396263401595464 1.459729919849803 1.523196438104142 1.586662956358482 1.650129474612821 1.71359599286716 1.777062511121499 1.840529029375839 1.903995547630178 1.967462065884517 2.030928584138856 2.094395102393196 2.157861620647535 2.221328138901874 2.284794657156213 2.348261175410553 2.411727693664892 2.475194211919231 2.53866073017357 2.60212724842791 2.665593766682249 2.729060284936588 2.792526803190927 2.855993321445267 2.919459839699606 2.982926357953945 3.046392876208285 3.109859394462624 3.173325912716963 3.236792430971302 3.300258949225642 3.363725467479981 3.42719198573432 3.490658503988659 3.554125022242999 3.617591540497338 3.681058058751677 3.744524577006016 3.807991095260356 3.871457613514695 3.934924131769034 3.998390650023373 4.061857168277712 4.125323686532052 4.188790204786391 4.25225672304073 4.315723241295069 4.379189759549408 4.442656277803748 4.506122796058087 4.569589314312426 4.633055832566765 4.696522350821105 4.759988869075444 4.823455387329783 4.886921905584122 4.950388423838462 5.013854942092801 5.07732146034714 5.14078797860148 5.204254496855819 5.267721015110158 5.331187533364497 5.394654051618837 5.458120569873176 5.521587088127515 5.585053606381854 5.648520124636194 5.711986642890533 5.775453161144872 5.838919679399211 5.902386197653551 5.96585271590789 6.029319234162229 6.092785752416569 6.156252270670908 6.219718788925247 6.283185307179586
# name: t
# type: matrix
# rows: 1
# columns: 100
 0 0.101010101010101 0.202020202020202 0.303030303030303 0.404040404040404 0.5050505050505051 0.6060606060606061 0.7070707070707071 0.8080808080808081 0.9090909090909091 1.01010101010101 1.111111111111111 1.212121212121212 1.313131313131313 1.414141414141414 1.515151515151515 1.616161616161616 1.717171717171717 1.818181818181818 1.919191919191919 2.02020202020202 2.121212121212121 2.222222222222222 2.323232323232323 2.424242424242424 2.525252525252525 2.626262626262626 2.727272727272727 2.828282828282828 2.929292929292929 3.03030303030303 3.131313131313131 3.232323232323232 3.333333333333333 3.434343434343434 3.535353535353535 3.636363636363636 3.737373737373737 3.838383838383838 3.939393939393939 4.040404040404041 4.141414141414141 4.242424242424242 4.343434343434343 4.444444444444445 4.545454545454545 4.646464646464646 4.747474747474747 4.848484848484849 4.94949494949495 5.05050505050505 5.151515151515151 5.252525252525253 5.353535353535354 5.454545454545454 5.555555555555555 5.656565656565657 5.757575757575758 5.858585858585858 5.959595959595959 6.060606060606061 6.161616161616162 6.262626262626262 6.363636363636363 6.464646464646465 6.565656565656566 6.666666666666667 6.767676767676767 6.868686868686869 6.96969696969697 7.070707070707071 7.171717171717171 7.272727272727272 7.373737373737374 7.474747474747475 7.575757575757575 7.676767676767676 7.777777777777778 7.878787878787879 7.979797979797979 8.080808080808081 8.181818181818182 8.282828282828282 8.383838383838384 8.484848484848484 8.585858585858587 8.686868686868687 8.787878787878787 8.888888888888889 8.98989898989899 9.09090909090909 9.191919191919192 9.292929292929292 9.393939393939394 9.494949494949495 9.595959595959595 9.696969696969697 9.797979797979798 9.8989898989899 10
# name: y
# type: matrix
# rows: 1
# columns: 100
 0 0.1008384202581046 0.2006488565226854 0.2984138044476411 0.3931366121483298 0.4838516404379347 0.5696341069089657 0.6496095135057065 0.7229625614794605 0.7889454628442574 0.8468855636029834 0.8961922010299563 0.9363627251042848 0.9669876227092996 0.9877546923600838 0.9984522269003895 0.9989711717233568 0.9893062365143401 0.9695559491823237 0.9399216514301312 0.9007054462029555 0.8523071179396752 0.7952200570230491 0.7300262299764464 0.6573902466827755 0.5780525851065732 0.4928220425889235 0.4025674906694965 0.3082090174900768 0.2107085480771929 0.1110600381241297 0.0102793412405347 0.09060614703340773 0.1905679628754854 0.2885870587204324 0.3836641918061123 0.4748301108222395 0.5611554368152017 0.6417601376193878 0.7158224992291902 0.7825875026542022 0.8413745208608701 0.8915842573351402 0.9327048555318336 0.9643171169287782 0.9860987744909296 0.9978277779792126 0.9993845576124357 0.9907532430056771 0.9720218249588334 0.9433812584459996 0.9051235159501367 0.8576386109880517 0.8014106221689697 0.7370127583189133 0.6651015149788224 0.5864099818472351 0.5017403693939113 0.4119558308308628 0.3179716628106187 0.2207459745550633 0.1212699205371668 0.02055759628726006 0.08036429967028173 0.1804669323599109 0.2787298186775573 0.37415123057122 0.4657584070256517 0.5526174707464059 0.6338429484489058 0.7086067976992182 0.7761468482835805 0.8357745720522589 0.8868821020290788 0.9289484292312513 0.9615447140268235 0.9843386578838236 0.9970978909438748 0.9996923408861117 0.9920955589323228 0.9743849894755358 0.9467411805833543 0.9094459434244625 0.8628794793817836 0.8075165041395626 0.7439214082568444 0.6727425035622647 0.5947054140244975 0.510605678474283 0.4213006405886069 0.3277007088134998 0.2307600753250518 0.1314669886429584 0.03083367906114098 0.07011396040064677 0.1703468323280965 0.2688431259103841 0.3645987336558887 0.4566374876337738 0.5440211108893698
