# Created by Octave 3.2.4, Sat Aug 09 21:58:41 2014 IST <aditya@Aditya-Inspiron-N5110>
# name: b
# type: scalar
6
